Nsamp = 100
50 12 4 3 10 -9.77 -7.21 -13.06 -12.94
50 12 8 3 10 -10.85 -7.41 -15.4 -15.14
50 12 12 3 10 -14.1 -10.86 -17.02 -16.71
50 12 16 3 10 -15.66 -13.95 -19.1 -18.11
50 12 8 4 10 -10.27 -7.14 -14.86 -13.65
50 12 8 5 10 410.38 -6.42 -12.2 -10.76
50 12 8 6 10 420.81 -6.43 -11.96 -10.0
50 12 8 7 10 -8.01 -5.72 -9.9 -8.48
50 12 8 8 10 -7.83 -5.7 -10.02 -8.03
50 12 8 3 0 -4.43 -2.29 -7.02 -7.38
50 12 8 3 5 -7.84 -5.37 -12.06 -11.53
50 12 8 3 15 -16.23 -9.57 -19.39 -18.52
50 4 8 3 10 1429.57 -0.56 -0.34 -3.75
50 8 8 3 10 -1.85 -7.12 -9.72 -10.66
50 16 8 3 10 -14.64 -9.25 -18.2 -18.18
50 20 8 3 10 -15.76 -13.05 -19.21 -19.66

Nsamp = 1000
50 12 4 3 10 -12.88 -13.11
50 12 8 3 10 -15.57 -15.09
50 12 12 3 10 -17.95 -17.04
50 12 16 3 10 -19.1 -18.34
50 12 8 4 10 -14.66 -13.43
50 12 8 5 10 -12.67 -11.18
50 12 8 6 10 -11.71 -9.96
50 12 8 7 10 -9.67 -8.77
50 12 8 8 10 -9.88 -7.89
50 12 8 3 0 -6.66 -6.71
50 12 8 3 5 -11.97 -11.47
50 12 8 3 15 -19.84 -18.88
50 4 8 3 10 -0.35 -3.94
50 8 8 3 10 -10.25 -11.04
50 16 8 3 10 -18.3 -18.17
50 20 8 3 10 -19.75 -19.98